                      
                      
                      
                      
                      
                      
                      
                      
                      
          14          
         2111         
         1111         
          11          
                      
                      
                      
                      
                      
                      
                      
                      
                      
