                      
                      
                      
                      
                      
                      
                      
                      
         1111         
        111111        
        121111        
        111111        
        111112        
         4112         
                      
                      
                      
                      
                      
                      
                      
                      
