                      
                      
                      
                      
                      
                      
                      
         1141         
        111111        
       11111111       
       11111114       
       11111111       
       11111112       
        111112        
         1114         
                      
                      
                      
                      
                      
                      
                      
