                      
                      
                      
                      
                      
                      
         1111         
       41111111       
       11111111       
      1111111112      
      1111111111      
      1111111111      
      4111111111      
       11111112       
       11111111       
         2221         
                      
                      
                      
                      
                      
                      
