                      
                      
                      
                      
                      
         4121         
       11111114       
      1111111111      
      1111111112      
     411111111112     
     111111111112     
     111111111111     
     111111111114     
      2111111111      
      1111111111      
       11111111       
         2211         
                      
                      
                      
                      
                      
