                      
                      
                      
                      
         1221         
       11111111       
      1111111111      
     411111111111     
     111111111112     
    11111111111111    
    41111111111111    
    11111111111111    
    11111111111111    
     211111111111     
     211111111112     
      2111111111      
       41111111       
         2222         
                      
                      
                      
                      
