                      
                      
                      
        112211        
      1111111111      
     111111111112     
    11111111111111    
    11111111111111    
   1111111111111114   
   4111111111111111   
   1111111111111111   
   4111111111111112   
   1111111111111114   
   2211111111111111   
    21111111111112    
    12111111111112    
     111111111111     
      1111111114      
        122111        
                      
                      
                      
