                      
                      
        111224        
      1411111112      
     111111111114     
    11111111111112    
   1111111111111111   
   1111111111111111   
  111111111111111111  
  111111111111111111  
  111111111111111111  
  111111111111111112  
  111111111111111112  
  111111111111111111  
   4111111111111111   
   1111111111111112   
    11111111111111    
     411111111111     
      1111111111      
        111141        
                      
                      
