                      
        111111        
      1111111111      
     111111111112     
    11111111111112    
   1111111111111111   
  111111111111111111  
  111111111111111111  
 41111111111111111111 
 11111111111111111111 
 11111111111111111112 
 11111111111111111112 
 41111111111111111112 
 11111111111111111111 
  111111111111111111  
  111111111111111111  
   4111111111111111   
    11111111111114    
     111111111112     
      1111111112      
        111111        
                      
