        122211        
      1111111111      
    11111111111111    
   4111111111111111   
  111111111111111114  
  111111111111111111  
 21111111111111111111 
 21111111111111111111 
2111111111111111111111
2111111111111111111111
1111111111111111111111
1111111111111111111111
1111111111111111111114
1111111111111111111111
 11111111111111111111 
 21111111111111111114 
  211111111111111111  
  111111111111111111  
   1111111111111121   
    11111111111122    
      1111111111      
        112411        
