                      
        155511        
      1111111111      
     111111111111     
    51111111111111    
   1111111111111111   
  111111111111111111  
  111111111111111111  
 21111111111111111111 
 21111111111111111111 
 11111111111111111114 
 41111111111111111115 
 11111111111111111111 
 11111111111111111115 
  211111111111111111  
  211111111111111111  
   2111111111111111   
    31111111111115    
     313111111112     
      3211111132      
        222133        
                      
